11321	30709
11312	30700
14548	33936
12509	31897
12857	32245
10062	29450
7572	26960
5548	24936
4422	23810
12853	32241
11906	31294
11941	31329
8038	27426
13581	32969
11830	31218
12162	31550
12125	31513
14727	34115
2799	22187
11766	31154
10494	29882
9343	28731
9451	28839
10690	30078
11295	30683
10901	30289
11518	30906
172	19560
5660	25048
10179	29567
5456	24844
13578	32966
11004	30392
3189	22577
6302	25690
13808	33196
14002	33390
1043	20431
8242	27630
14615	34003
7746	27134
14441	33829
7016	26404
4081	23469
11841	31229
14894	34282
13960	33348
866	20254
11294	30682
14386	33774
9814	29202
13368	32756
14705	34093
13826	33214
6857	26245
12225	31613
4166	23554
13645	33033
7108	26496
11045	30433
9203	28591
14321	33709
7800	27188
1122	20510
7474	26862
10960	30348
13932	33320
13559	32947
8093	27481
11254	30642
1307	20695
12471	31859
1851	21239
14416	33804
11349	30737
14509	33897
13795	33183
5380	24768
5434	24822
677	20065
10654	30042
8847	28235
8654	28042
2705	22093
2379	21767
7555	26943
9863	29251
286	19674
7062	26450
12930	32318
10927	30315
8406	27794
5543	24931
3568	22956
7058	26446
11053	30441
6527	25915
5652	25040
11076	30464
1748	21136
263	19651
13759	33147
2561	21949
8129	27517
12015	31403
13457	32845
12840	32228
11423	30811
11824	31212
2660	22048
5529	24917
1923	21311
7411	26799
5409	24797
11401	30789
9756	29144
10598	29986
5770	25158
14121	33509
1034	20422
14520	33908
11391	30779
5580	24968
13130	32518
14726	34114
11311	30699
420	19808
13459	32847
9913	29301
3761	23149
13009	32397
11642	31030
13370	32758
6574	25962
12010	31398
5795	25183
13043	32431
9251	28639
13881	33269
14996	34384
10105	29493
12632	32020
1620	21008
13486	32874
10928	30316
12650	32038
14929	34317
5309	24697
11191	30579
13190	32578
10579	29967
591	19979
12105	31493
13730	33118
12383	31771
11551	30939
13045	32433
10827	30215
5248	24636
11071	30459
10647	30035
14294	33682
13628	33016
9298	28686
2606	21994
4309	23697
13655	33043
5391	24779
6515	25903
14609	33997
12340	31728
11243	30631
1101	20489
5899	25287
2061	21449
3924	23312
11437	30825
11811	31199
9252	28640
11869	31257
1510	20898
3957	23345
4023	23411
1756	21144
6314	25702
14606	33994
14452	33840
13689	33077
7556	26944
8468	27856
6020	25408
4687	24075
4379	23767
13735	33123
5935	25323
11202	30590
6694	26082
14949	34337
6219	25607
4496	23884
10741	30129
13211	32599
8507	27895
807	20195
11798	31186
10754	30142
14988	34376
11266	30654
13476	32864
9623	29011
11042	30430
13887	33275
9182	28570
12315	31703
8372	27760
73	19461
4205	23593
9731	29119
7348	26736
2289	21677
5822	25210
12809	32197
1035	20423
2899	22287
8728	28116
7232	26620
12976	32364
14635	34023
12011	31399
4819	24207
13732	33120
14108	33496
4644	24032
2179	21567
6332	25720
13111	32499
10770	30158
116	19504
11305	30693
14906	34294
10701	30089
11147	30535
10920	30308
13706	33094
14738	34126
1621	21009
11308	30696
13104	32492
8009	27397
12501	31889
11129	30517
10865	30253
11946	31334
11677	31065
950	20338
10123	29511
13025	32413
5794	25182
4144	23532
6016	25404
9247	28635
7621	27009
6948	26336
9812	29200
8106	27494
12406	31794
3318	22706
6122	25510
14831	34219
4605	23993
13382	32770
1556	20944
14604	33992
1859	21247
14701	34089
12965	32353
3275	22663
12354	31742
11795	31183
4007	23395
7395	26783
14670	34058
5951	25339
11981	31369
7797	27185
5557	24945
909	20297
1826	21214
12445	31833
9607	28995
14939	34327
5494	24882
3789	23177
2494	21882
13171	32559
13989	33377
13855	33243
3220	22608
10755	30143
13602	32990
5095	24483
5679	25067
524	19912
12209	31597
11785	31173
7433	26821
5104	24492
10806	30194
12066	31454
11297	30685
165	19553
7831	27219
2168	21556
10255	29643
13848	33236
12839	32227
8969	28357
1190	20578
10014	29402
1958	21346
10724	30112
10583	29971
13366	32754
12311	31699
12002	31390
4457	23845
13800	33188
3783	23171
14776	34164
6415	25803
2432	21820
3601	22989
12433	31821
10623	30011
13560	32948
13509	32897
10780	30168
11210	30598
9672	29060
1355	20743
13646	33034
10638	30026
11286	30674
11585	30973
10864	30252
5236	24624
12526	31914
8489	27877
8160	27548
3270	22658
6067	25455
7264	26652
12882	32270
3864	23252
7909	27297
12379	31767
4665	24053
4512	23900
14224	33612
13589	32977
11625	31013
11613	31001
14379	33767
1645	21033
13302	32690
1086	20474
11431	30819
6653	26041
12727	32115
12533	31921
8284	27672
593	19981
14627	34015
3238	22626
2480	21868
2355	21743
11776	31164
3352	22740
854	20242
6264	25652
11151	30539
361	19749
8097	27485
12138	31526
9654	29042
14707	34095
11467	30855
14440	33828
10714	30102
12115	31503
8576	27964
9204	28592
7361	26749
11716	31104
11490	30878
12360	31748
109	19497
14960	34348
12100	31488
9976	29364
10942	30330
14475	33863
4028	23416
9690	29078
14746	34134
754	20142
14899	34287
5707	25095
2301	21689
7821	27209
13221	32609
13055	32443
10155	29543
10764	30152
13210	32598
11581	30969
2188	21576
11661	31049
4359	23747
1933	21321
9616	29004
10109	29497
11579	30967
9465	28853
738	20126
12184	31572
12829	32217
14482	33870
12373	31761
9801	29189
12751	32139
11589	30977
12492	31880
7958	27346
7208	26596
13004	32392
13653	33041
13260	32648
14531	33919
13362	32750
13320	32708
14253	33641
9972	29360
10678	30066
12619	32007
5994	25382
10651	30039
14900	34288
9226	28614
14312	33700
7997	27385
11624	31012
4863	24251
13243	32631
14265	33653
11725	31113
9107	28495
14125	33513
7238	26626
13985	33373
12685	32073
8797	28185
14138	33526
444	19832
2964	22352
11673	31061
9096	28484
14215	33603
11962	31350
12401	31789
10574	29962
7856	27244
3559	22947
14043	33431
13522	32910
14611	33999
12971	32359
14665	34053
13247	32635
11143	30531
6975	26363
11695	31083
12531	31919
3767	23155
11440	30828
13739	33127
14088	33476
12027	31415
10504	29892
11247	30635
4998	24386
13138	32526
7966	27354
7690	27078
14575	33963
3201	22589
11555	30943
3208	22596
14590	33978
13640	33028
13297	32685
6715	26103
13674	33062
12297	31685
14962	34350
11030	30418
13695	33083
11557	30945
2776	22164
11940	31328
4064	23452
12801	32189
13115	32503
4105	23493
11825	31213
9352	28740
6727	26115
1414	20802
1090	20478
7648	27036
4618	24006
7115	26503
10163	29551
4126	23514
13290	32678
10605	29993
11781	31169
11253	30641
6074	25462
13838	33226
12817	32205
1347	20735
10847	30235
764	20152
9778	29166
9717	29105
12832	32220
12943	32331
10836	30224
8169	27557
14244	33632
11313	30701
11576	30964
2970	22358
14747	34135
13588	32976
12855	32243
10181	29569
13093	32481
13643	33031
4338	23726
11111	30499
7218	26606
12566	31954
2906	22294
13992	33380
817	20205
6633	26021
5555	24943
9231	28619
130	19518
11248	30636
14553	33941
11928	31316
6270	25658
13970	33358
9645	29033
6201	25589
14511	33899
2373	21761
6558	25946
490	19878
13508	32896
11250	30638
943	20331
374	19762
14769	34157
6496	25884
11075	30463
5507	24895
2034	21422
2215	21603
7164	26552
9061	28449
14535	33923
2177	21565
6425	25813
11472	30860
12020	31408
14991	34379
4630	24018
12611	31999
419	19807
5152	24540
7026	26414
10161	29549
2841	22229
7874	27262
529	19917
14463	33851
500	19888
7117	26505
10956	30344
6641	26029
2766	22154
13495	32883
14332	33720
3305	22693
14417	33805
1483	20871
14381	33769
737	20125
14234	33622
8268	27656
11306	30694
12595	31983
7938	27326
1854	21242
14795	34183
5232	24620
14408	33796
13218	32606
12274	31662
5849	25237
7636	27024
11419	30807
10923	30311
13176	32564
5903	25291
14786	34174
3024	22412
11530	30918
435	19823
2268	21656
12794	32182
63	19451
12367	31755
663	20051
12339	31727
9022	28410
8450	27838
8603	27991
10572	29960
11177	30565
3438	22826
14464	33852
8785	28173
10522	29910
13068	32456
3178	22566
13263	32651
1128	20516
13430	32818
4757	24145
14674	34062
13618	33006
2583	21971
11956	31344
13367	32755
5321	24709
6383	25771
6000	25388
5465	24853
11397	30785
11432	30820
14065	33453
11656	31044
11102	30490
9109	28497
13671	33059
14107	33495
14307	33695
12041	31429
8039	27427
2759	22147
4468	23856
11320	30708
3584	22972
13610	32998
13558	32946
2916	22304
10534	29922
14800	34188
7897	27285
13725	33113
1531	20919
13052	32440
13679	33067
11783	31171
8162	27550
12097	31485
12648	32036
12400	31788
3489	22877
8827	28215
12387	31775
11043	30431
11020	30408
13433	32821
10992	30380
12524	31912
14760	34148
12798	32186
14200	33588
11909	31297
13030	32418
13539	32927
12765	32153
14039	33427
7084	26472
10875	30263
8205	27593
11554	30942
10854	30242
10587	29975
6385	25773
13387	32775
11453	30841
14358	33746
1349	20737
14103	33491
12627	32015
1844	21232
11584	30972
11657	31045
13318	32706
9785	29173
1408	20796
13700	33088
13420	32808
12641	32029
13549	32937
13892	33280
10397	29785
11651	31039
14910	34298
10124	29512
12003	31391
13039	32427
13080	32468
12112	31500
14069	33457
1573	20961
12388	31776
10183	29571
1061	20449
12145	31533
6834	26222
11959	31347
9031	28419
13707	33095
6726	26114
13635	33023
8680	28068
13665	33053
14320	33708
10721	30109
10728	30116
13425	32813
8932	28320
10938	30326
14258	33646
10890	30278
14056	33444
9141	28529
8766	28154
1324	20712
4572	23960
11492	30880
11970	31358
11562	30950
14317	33705
11302	30690
8630	28018
11424	30812
4027	23415
10580	29968
13060	32448
11475	30863
5228	24616
11980	31368
7129	26517
13490	32878
13416	32804
10742	30130
10588	29976
5925	25313
13953	33341
12763	32151
8429	27817
11883	31271
12856	32244
11599	30987
3587	22975
8377	27765
5699	25087
380	19768
13600	32988
1103	20491
6120	25508
4756	24144
12959	32347
12202	31590
12659	32047
14139	33527
12835	32223
10558	29946
10979	30367
10934	30322
14542	33930
11214	30602
11897	31285
8965	28353
7151	26539
2237	21625
6291	25679
11252	30640
13702	33090
1265	20653
10839	30227
13938	33326
12752	32140
12486	31874
14271	33659
14850	34238
8382	27770
14354	33742
10841	30229
13017	32405
14308	33696
14904	34292
12082	31470
14356	33744
11868	31256
6419	25807
4846	24234
3867	23255
4534	23922
5008	24396
14268	33656
14418	33806
12988	32376
13523	32911
13223	32611
482	19870
9592	28980
1199	20587
12174	31562
11756	31144
11325	30713
10629	30017
7360	26748
10642	30030
11917	31305
9279	28667
8458	27846
11429	30817
14305	33693
914	20302
13979	33367
564	19952
2277	21665
10807	30195
14024	33412
11474	30862
3006	22394
12022	31410
13877	33265
10167	29555
1665	21053
13324	32712
12975	32363
6544	25932
13398	32786
14989	34377
12796	32184
6850	26238
8814	28202
6817	26205
14797	34185
14083	33471
11977	31365
5698	25086
8105	27493
9570	28958
9533	28921
10633	30021
4965	24353
11816	31204
12898	32286
8304	27692
1600	20988
13918	33306
13015	32403
11005	30393
6790	26178
5512	24900
13832	33220
13418	32806
3324	22712
9363	28751
12157	31545
12070	31458
8676	28064
1715	21103
11001	30389
10679	30067
8794	28182
11647	31035
12198	31586
12631	32019
13567	32955
164	19552
10828	30216
5399	24787
8935	28323
13196	32584
1811	21199
5997	25385
12132	31520
8499	27887
14985	34373
1936	21324
12343	31731
14840	34228
13807	33195
7305	26693
9420	28808
10612	30000
11133	30521
11884	31272
4147	23535
3753	23141
12870	32258
13199	32587
13906	33294
3023	22411
13172	32560
4191	23579
11132	30520
2686	22074
604	19992
4784	24172
1570	20958
10462	29850
5747	25135
11925	31313
5537	24925
3510	22898
13913	33301
905	20293
3819	23207
12014	31402
1471	20859
14398	33786
11484	30872
2681	22069
13743	33131
13051	32439
12640	32028
11644	31032
2405	21793
3545	22933
10385	29773
12503	31891
9670	29058
13186	32574
14028	33416
13326	32714
11067	30455
11831	31219
12623	32011
11268	30656
13107	32495
13228	32616
11296	30684
14936	34324
718	20106
12825	32213
8036	27424
11641	31029
8151	27539
6252	25640
14351	33739
4633	24021
2683	22071
10286	29674
12502	31890
3646	23034
11225	30613
12592	31980
11620	31008
11572	30960
9888	29276
2400	21788
10857	30245
11352	30740
14578	33966
10978	30366
4260	23648
